rou <- 30 
wei <- 10 
erer <- 19
